3.165288138098835134e+03
3.164324044899986802e+03
3.163359951701138471e+03
3.162395858502290139e+03
3.161431765303441807e+03
3.160467672104593476e+03
3.159503578905745144e+03
3.158539485706896812e+03
3.157575392508048481e+03
3.156611299309200149e+03
3.155647206110351817e+03
3.154683112911503486e+03
3.153719019712655154e+03
3.152754926513806822e+03
3.151790833314958491e+03
3.150826740116110159e+03
3.149862646917261827e+03
3.148898553718413496e+03
3.147934460519564709e+03
3.146970367320716832e+03
3.146006274121868046e+03
3.145042180923020169e+03
3.144078087724171382e+03
3.143113994525323506e+03
3.142149901326474719e+03
3.141185808127626387e+03
3.140221714928778056e+03
3.139257621729929724e+03
3.138293528531081392e+03
3.137329435332233061e+03
3.136365342133384729e+03
3.135401248934536397e+03
3.134437155735688066e+03
3.133473062536839734e+03
3.132508969337991402e+03
3.131544876139143071e+03
3.130580782940294739e+03
3.129616689741446407e+03
3.128652596542598076e+03
3.127688503343749744e+03
3.126724410144901412e+03
3.125760316946053081e+03
3.124796223747204749e+03
3.123832130548356417e+03
3.122868037349508086e+03
3.121903944150659299e+03
3.120939850951811422e+03
3.119975757752962636e+03
3.119011664554114759e+03
3.118047571355265973e+03
3.117083478156418096e+03
3.116119384957569309e+03
3.115155291758720978e+03
3.114191198559872646e+03
3.113227105361024314e+03
3.112263012162175983e+03
3.111298918963327651e+03
3.110334825764479319e+03
3.109370732565630988e+03
3.108406639366782656e+03
3.107442546167934324e+03
3.106478452969085993e+03
3.105514359770237661e+03
3.104550266571389329e+03
3.103586173372540998e+03
3.102622080173692666e+03
3.101657986974844334e+03
3.100693893775996003e+03
3.099729800577147671e+03
3.098765707378299339e+03
3.097801614179451008e+03
3.096837520980602676e+03
3.095873427781753890e+03
3.094909334582906013e+03
3.093945241384057226e+03
3.092981148185209349e+03
3.092017054986360563e+03
3.091052961787512686e+03
3.090088868588663900e+03
3.089124775389815568e+03
3.088160682190967236e+03
3.087196588992118905e+03
3.086232495793270573e+03
3.085268402594422241e+03
3.084304309395573910e+03
3.083340216196725578e+03
3.082376122997877246e+03
3.081412029799028915e+03
3.080447936600180583e+03
3.079483843401332251e+03
3.078519750202483920e+03
3.077555657003635588e+03
3.076591563804787256e+03
3.075627470605938925e+03
3.074663377407090593e+03
3.073699284208242261e+03
3.072735191009393930e+03
3.071771097810545598e+03
3.070807004611697266e+03
3.069842911412848480e+03
3.068878818214000603e+03
3.067914725015151816e+03
3.066950631816303940e+03
3.065986538617455153e+03
3.065022445418606821e+03
3.064058352219758490e+03
3.063094259020910158e+03
3.062130165822061826e+03
3.061166072623213495e+03
3.060201979424365163e+03
3.059237886225516831e+03
3.058273793026668500e+03
3.057309699827820168e+03
3.056345606628971836e+03
3.055381513430123505e+03
3.054417420231275173e+03
3.053453327032426841e+03
3.052489233833578510e+03
3.051525140634730178e+03
3.050561047435881846e+03
3.049596954237033515e+03
3.048632861038185183e+03
3.047668767839336851e+03
3.046704674640488520e+03
3.045740581441639733e+03
3.044776488242791856e+03
3.043812395043943070e+03
3.042848301845095193e+03
3.041884208646246407e+03
3.040920115447398530e+03
3.039956022248549743e+03
3.038991929049701412e+03
3.038027835850853080e+03
3.037063742652004748e+03
3.036099649453156417e+03
3.035135556254308085e+03
3.034171463055459753e+03
3.033207369856611422e+03
3.032243276657763090e+03
3.031279183458914758e+03
3.030315090260066427e+03
3.029350997061218095e+03
3.028386903862369763e+03
3.027422810663521432e+03
3.026458717464673100e+03
3.025494624265824768e+03
3.024530531066976437e+03
3.023566437868128105e+03
3.022602344669279773e+03
3.021638251470431442e+03
3.020674158271583110e+03
3.019710065072734324e+03
3.018745971873886447e+03
3.017781878675037660e+03
3.016817785476189783e+03
3.015853692277340997e+03
3.014889599078493120e+03
3.013925505879644334e+03
3.012961412680796002e+03
3.011997319481947670e+03
3.011033226283099339e+03
3.010069133084251007e+03
3.009105039885402675e+03
3.008140946686554344e+03
3.007176853487706012e+03
3.006212760288857680e+03
3.005248667090009349e+03
3.004284573891161017e+03
3.003320480692312685e+03
3.002356387493464354e+03
3.001392294294616022e+03
3.000428201095767690e+03
2.999464107896919359e+03
2.998500014698071027e+03
2.997535921499222695e+03
2.996571828300374364e+03
2.995607735101526032e+03
2.994643641902677700e+03
2.993679548703828914e+03
2.992715455504981037e+03
2.991751362306132251e+03
2.990787269107284374e+03
2.989823175908435587e+03
2.988859082709587710e+03
2.987894989510738924e+03
2.986930896311890592e+03
2.985966803113042261e+03
2.985002709914193929e+03
2.984038616715345597e+03
2.983074523516497266e+03
2.982110430317648934e+03
2.981146337118800602e+03
2.980182243919952271e+03
2.979218150721103939e+03
2.978254057522255607e+03
2.977289964323407276e+03
2.976325871124558944e+03
2.975361777925710612e+03
2.974397684726862281e+03
2.973433591528013949e+03
2.972469498329165617e+03
2.971505405130316831e+03
2.970541311931468954e+03
2.969577218732620167e+03
2.968613125533772291e+03
2.967649032334923504e+03
2.966684939136075627e+03
2.965720845937226841e+03
2.964756752738378964e+03
2.963792659539530177e+03
2.962828566340682301e+03
2.961864473141833514e+03
2.960900379942985637e+03
2.959936286744136851e+03
2.958972193545288519e+03
2.958008100346440187e+03
2.957044007147591856e+03
2.956079913948743524e+03
2.955115820749895192e+03
2.954151727551046861e+03
2.953187634352198529e+03
2.952223541153350197e+03
2.951259447954501866e+03
2.950295354755653534e+03
2.949331261556805202e+03
2.948367168357956871e+03
2.947403075159108539e+03
2.946438981960260207e+03
2.945474888761411421e+03
2.944510795562563544e+03
2.943546702363714758e+03
2.942582609164866881e+03
2.941618515966018094e+03
2.940654422767170217e+03
2.939690329568321431e+03
2.938726236369473554e+03
2.937762143170624768e+03
2.936798049971776891e+03
2.935833956772928104e+03
2.934869863574080227e+03
2.933905770375231441e+03
2.932941677176383109e+03
2.931977583977534778e+03
2.931013490778686446e+03
2.930049397579838114e+03
2.929085304380989783e+03
2.928121211182141451e+03
2.927157117983293119e+03
2.926193024784444788e+03
2.925228931585596456e+03
2.924264838386748124e+03
2.923300745187899793e+03
2.922336651989051461e+03
2.921372558790202675e+03
2.920408465591354798e+03
2.919444372392506011e+03
2.918480279193658134e+03
2.917516185994809348e+03
2.916552092795961471e+03
2.915587999597112685e+03
2.914623906398264808e+03
2.913659813199416021e+03
2.912695720000568144e+03
2.911731626801719358e+03
2.910767533602871481e+03
2.909803440404022695e+03
2.908839347205174363e+03
2.907875254006326031e+03
2.906911160807477700e+03
2.905947067608629368e+03
2.904982974409781036e+03
2.904018881210932705e+03
2.903054788012084373e+03
2.902090694813236041e+03
2.901126601614387710e+03
2.900162508415539378e+03
2.899198415216691046e+03
2.898234322017842715e+03
2.897270228818994383e+03
2.896306135620146051e+03
2.895342042421297265e+03
2.894377949222449388e+03
2.893413856023600601e+03
2.892449762824752725e+03
2.891485669625903938e+03
2.890521576427056061e+03
2.889557483228207275e+03
2.888593390029359398e+03
2.887629296830510611e+03
2.886665203631662735e+03
2.885701110432813948e+03
2.884737017233966071e+03
2.883772924035117285e+03
2.882808830836268953e+03
2.881844737637420621e+03
2.880880644438572290e+03
2.879916551239723958e+03
2.878952458040875626e+03
2.877988364842027295e+03
2.877024271643178963e+03
2.876060178444330631e+03
2.875096085245482300e+03
2.874131992046633968e+03
2.873167898847785636e+03
2.872203805648937305e+03
2.871239712450088973e+03
2.870275619251240641e+03
2.869311526052391855e+03
2.868347432853543978e+03
2.867383339654695192e+03
2.866419246455847315e+03
2.865455153256998528e+03
2.864491060058150651e+03
2.863526966859301865e+03
2.862562873660453988e+03
2.861598780461605202e+03
2.860634687262757325e+03
2.859670594063908538e+03
2.858706500865060661e+03
2.857742407666211875e+03
2.856778314467363543e+03
2.855814221268515212e+03
2.854850128069666880e+03
2.853886034870818548e+03
2.852921941671970217e+03
2.851957848473121885e+03
2.850993755274273553e+03
2.850029662075425222e+03
2.849065568876576890e+03
2.848101475677728558e+03
2.847137382478880227e+03
2.846173289280031895e+03
2.845209196081183109e+03
2.844245102882335232e+03
2.843281009683486445e+03
2.842316916484638568e+03
2.841352823285789782e+03
2.840388730086941905e+03
2.839424636888093119e+03
2.838460543689245242e+03
2.837496450490396455e+03
2.836532357291548578e+03
2.835568264092699792e+03
2.834604170893851915e+03
2.833640077695003129e+03
2.832675984496154797e+03
2.831711891297306465e+03
2.830747798098458134e+03
2.829783704899609802e+03
2.828819611700761470e+03
2.827855518501913139e+03
2.826891425303064807e+03
2.825927332104216475e+03
2.824963238905368144e+03
2.823999145706519812e+03
2.823035052507671480e+03
2.822070959308823149e+03
2.821106866109974817e+03
2.820142772911126485e+03
2.819178679712277699e+03
2.818214586513429822e+03
2.817250493314581036e+03
2.816286400115733159e+03
2.815322306916884372e+03
2.814358213718036495e+03
2.813394120519187709e+03
2.812430027320339832e+03
2.811465934121491046e+03
2.810501840922643169e+03
2.809537747723794382e+03
2.808573654524946505e+03
2.807609561326097719e+03
2.806645468127249387e+03
2.805681374928401056e+03
2.804717281729552724e+03
2.803753188530704392e+03
2.802789095331856061e+03
2.801825002133007729e+03
2.800860908934159397e+03
2.799896815735311066e+03
2.798932722536462734e+03
2.797968629337614402e+03
2.797004536138766071e+03
2.796040442939917739e+03
2.795076349741069407e+03
2.794112256542221076e+03
2.793148163343372289e+03
2.792184070144524412e+03
2.791219976945675626e+03
2.790255883746827749e+03
2.789291790547978962e+03
2.788327697349131086e+03
2.787363604150282299e+03
2.786399510951434422e+03
2.785435417752585636e+03
2.784471324553737759e+03
